date,02pct,03pct,04pct,05pct,06pct,07pct,08pct,09pct,10pct,11pct,12pct,13pct,14pct,15pct,maxSharpe,minVariance
1998-01-30,[0 0 0 0 0 0 0 0 0],[0 0 0 0 0 0 0 0 0],[0 0 0 0 0 0 0 0 0],[0 0 0 0 0 0 0 0 0],[0 0 0 0 0 0 0 0 0],[0 0 0 0 0 0 0 0 0],[0 0 0 0 0 0 0 0 0],[0 0 0 0 0 0 0 0 0],[0 0 0 0 0 0 0 0 0],[0 0 0 0 0 0 0 0 0],[0 0 0 0 0 0 0 0 0],[0 0 0 0 0 0 0 0 0],[0 0 0 0 0 0 0 0 0],[0 0 0 0 0 0 0 0 0],[0 0 0 0 0 0 0 0 0],[0 0 0 0 0 0 0 0 0]
1998-02-27,"[0.         0.02089304 0.         0.02910696 0.13294297 0.0661358
 0.03399068 0.66693055 0.05      ]","[0.         0.02089304 0.         0.02910696 0.13294297 0.0661358
 0.03399068 0.66693055 0.05      ]","[0.03602003 0.01527957 0.         0.03066019 0.03335758 0.03468263
 0.12487843 0.67512157 0.05      ]","[0.1671206  0.00814715 0.         0.0396013  0.         0.05
 0.20170663 0.45135242 0.08207189]","[0.2715921  0.00568964 0.         0.04629809 0.         0.05
 0.24684001 0.26313741 0.11644275]","[0.3646222  0.00259954 0.         0.05276926 0.         0.05
 0.28793274 0.09821336 0.1438629 ]","[0.4730787  0.00336707 0.         0.05935353 0.         0.05
 0.25306901 0.         0.16113169]","[0.59899004 0.00737491 0.         0.0659696  0.         0.05
 0.10682998 0.         0.17083546]","[0.75881179 0.         0.         0.04118821 0.         0.05
 0.05       0.         0.1       ]",[0.8  0.   0.   0.   0.   0.05 0.05 0.   0.1 ],[0.8  0.   0.   0.   0.   0.05 0.05 0.   0.1 ],[1 0 0 0 0 0 0 0 0],[1 0 0 0 0 0 0 0 0],[1 0 0 0 0 0 0 0 0],"[0.05273196 0.01506309 0.         0.03186187 0.01875296 0.03124704
 0.13923508 0.66076492 0.05034309]","[0.         0.02089304 0.         0.02910696 0.13294297 0.0661358
 0.03399068 0.66693055 0.05      ]"
1998-03-31,"[0.         0.0214998  0.         0.0285002  0.13385463 0.06686505
 0.03979032 0.65949001 0.05      ]","[0.         0.0214998  0.         0.0285002  0.13385463 0.06686505
 0.03979032 0.65949001 0.05      ]","[0.03665242 0.01524871 0.         0.03229289 0.03306564 0.03274034
 0.12487268 0.67512732 0.05      ]","[0.17321778 0.00817325 0.         0.04581803 0.00270943 0.04729057
 0.19916751 0.45057399 0.07304945]","[0.27632879 0.00453379 0.         0.05644513 0.         0.05
 0.24679235 0.26546872 0.10043122]","[0.36722479 0.00203115 0.         0.06502735 0.         0.05
 0.28654468 0.10193202 0.12724001]","[0.47287651 0.         0.         0.07371516 0.         0.05
 0.26043443 0.         0.1429739 ]","[0.59547241 0.00081333 0.         0.08421112 0.         0.05
 0.11759546 0.         0.15190768]","[0.74982161 0.         0.         0.05017839 0.         0.05
 0.05       0.         0.1       ]",[0.8  0.   0.   0.   0.   0.05 0.05 0.   0.1 ],[0.8  0.   0.   0.   0.   0.05 0.05 0.   0.1 ],[1 0 0 0 0 0 0 0 0],[1 0 0 0 0 0 0 0 0],[1 0 0 0 0 0 0 0 0],"[0.05467419 0.01331688 0.         0.03440932 0.02017018 0.02982982
 0.13965906 0.65794055 0.05      ]","[0.         0.02086307 0.         0.02913693 0.1333447  0.06632272
 0.03407334 0.66625924 0.05      ]"
1998-04-30,"[0.         0.02152578 0.         0.02847422 0.13758248 0.06553534
 0.03587407 0.66100811 0.05      ]","[0.         0.02152578 0.         0.02847422 0.13758248 0.06553534
 0.03587407 0.66100811 0.05      ]","[0.04782247 0.00796458 0.         0.02866859 0.03348498 0.03205939
 0.12495552 0.67504448 0.05      ]","[0.19258393 0.         0.         0.03630229 0.00438533 0.04561467
 0.19942949 0.4581446  0.06353969]","[0.29860544 0.         0.         0.0418198  0.         0.05
 0.24657982 0.2788292  0.08416574]","[0.39348675 0.         0.         0.04487416 0.         0.05
 0.28617612 0.11913803 0.10632494]","[0.48975943 0.         0.         0.05257007 0.         0.05
 0.28041652 0.         0.12725398]","[0.61917379 0.         0.         0.05777426 0.         0.05
 0.14903558 0.         0.12401637]","[0.74588736 0.         0.         0.05411264 0.         0.05
 0.05010087 0.         0.09989913]",[0.8  0.   0.   0.   0.   0.05 0.05 0.   0.1 ],[0.8  0.   0.   0.   0.   0.05 0.05 0.   0.1 ],[1 0 0 0 0 0 0 0 0],[1 0 0 0 0 0 0 0 0],[1 0 0 0 0 0 0 0 0],"[0.07252179 0.00242109 0.         0.02909913 0.02029821 0.02970179
 0.14449893 0.65145906 0.05      ]","[0.         0.02158471 0.         0.02841529 0.13433674 0.06569344
 0.03355967 0.66641015 0.05      ]"
1998-05-29,"[0.         0.0214594  0.         0.0285406  0.13556477 0.06492845
 0.03377842 0.66572836 0.05      ]","[0.         0.0214594  0.         0.0285406  0.13556477 0.06492845
 0.03377842 0.66572836 0.05      ]","[0.05221022 0.00673369 0.         0.02712398 0.03483965 0.02909247
 0.12495583 0.67504417 0.05      ]","[0.2053061  0.         0.         0.03158344 0.01036592 0.03963408
 0.19909497 0.46392941 0.05008608]","[0.31276744 0.         0.         0.03496655 0.0004298  0.0495702
 0.24635008 0.29196351 0.06395242]","[0.41212246 0.         0.         0.0381172  0.         0.05
 0.28617384 0.13886331 0.07472319]","[0.51041117 0.         0.         0.04182398 0.         0.05
 0.29139297 0.01578458 0.0905873 ]","[0.63571257 0.         0.         0.04462072 0.         0.05
 0.18133748 0.         0.08832923]","[0.75350445 0.         0.         0.04649555 0.         0.05
 0.0651212  0.         0.0848788 ]",[0.8  0.   0.   0.   0.   0.05 0.05 0.   0.1 ],[0.8  0.   0.   0.   0.   0.05 0.05 0.   0.1 ],[1 0 0 0 0 0 0 0 0],[1 0 0 0 0 0 0 0 0],[1 0 0 0 0 0 0 0 0],"[0.07218812 0.00135234 0.         0.02645954 0.02373485 0.02626515
 0.13730664 0.66269336 0.05      ]","[0.         0.02163353 0.         0.02836647 0.13418516 0.06540456
 0.03381274 0.66659754 0.05      ]"
1998-06-30,"[0.         0.0232753  0.         0.0267247  0.13269294 0.06329941
 0.03053299 0.67347466 0.05      ]","[0.         0.0232753  0.         0.0267247  0.13269294 0.06329941
 0.03053299 0.67347466 0.05      ]","[0.05534601 0.01069107 0.         0.0240293  0.03198942 0.02794421
 0.11964516 0.68035484 0.05      ]","[0.21166567 0.         0.         0.02024079 0.0093725  0.0406275
 0.19907159 0.46679058 0.05223138]","[0.32077199 0.         0.         0.01791277 0.         0.05
 0.24561542 0.29737559 0.06832424]","[0.42272608 0.         0.         0.01584179 0.         0.05
 0.28607373 0.14713532 0.07822308]","[0.52127877 0.         0.         0.01474727 0.         0.05
 0.29173729 0.02338556 0.0988511 ]","[0.64777917 0.         0.         0.00869169 0.         0.05
 0.19884649 0.         0.09468266]","[0.76793678 0.         0.         0.00308359 0.         0.05
 0.08597196 0.         0.09300767]",[0.8  0.   0.   0.   0.   0.05 0.05 0.   0.1 ],[0.8  0.   0.   0.   0.   0.05 0.05 0.   0.1 ],[1 0 0 0 0 0 0 0 0],[1 0 0 0 0 0 0 0 0],[1 0 0 0 0 0 0 0 0],"[0.06933891 0.00812617 0.         0.02253492 0.02316173 0.02683827
 0.12532392 0.67467608 0.05      ]","[0.         0.02211847 0.         0.02788153 0.13408523 0.06421092
 0.03383746 0.66786639 0.05      ]"
1998-07-31,"[0.         0.02260116 0.         0.02739884 0.13130228 0.06231424
 0.02862821 0.67775527 0.05      ]","[0.         0.02260116 0.         0.02739884 0.13130228 0.06231424
 0.02862821 0.67775527 0.05      ]","[0.06314343 0.01032365 0.         0.02023434 0.03200317 0.02429542
 0.11953981 0.68046019 0.05      ]","[0.22057024 0.         0.         0.01016639 0.01160743 0.03839257
 0.20152224 0.4675923  0.05014883]","[0.33133222 0.         0.         0.00354549 0.00228873 0.04771127
 0.24716097 0.30379972 0.06416159]","[0.43170384 0.         0.         0.         0.         0.05
 0.28609311 0.15488967 0.07731338]","[0.53046351 0.         0.         0.         0.         0.05
 0.30875178 0.02474445 0.08604026]","[0.65455776 0.         0.         0.         0.         0.05
 0.21496772 0.         0.08047452]","[0.77642886 0.         0.         0.         0.         0.05
 0.11527841 0.         0.05829273]",[0.8  0.   0.   0.   0.   0.05 0.05 0.   0.1 ],[0.8  0.   0.   0.   0.   0.05 0.05 0.   0.1 ],[1 0 0 0 0 0 0 0 0],[1 0 0 0 0 0 0 0 0],[1 0 0 0 0 0 0 0 0],"[0.07624205 0.00531858 0.         0.01843937 0.02616061 0.02383939
 0.12953436 0.67046564 0.05      ]","[0.         0.02230893 0.         0.02769107 0.13412378 0.06343279
 0.03390171 0.66854171 0.05      ]"
1998-08-31,"[0.         0.02089569 0.         0.02910431 0.12903708 0.05930486
 0.03116142 0.68049664 0.05      ]","[0.         0.02089569 0.         0.02910431 0.12903708 0.05930486
 0.03116142 0.68049664 0.05      ]","[0.06876689 0.00190278 0.         0.02373968 0.03163318 0.02395747
 0.11953844 0.68046156 0.05      ]","[0.22158638 0.         0.         0.01214296 0.01167639 0.03832361
 0.19962321 0.46664744 0.05      ]","[0.33591532 0.         0.         0.008765   0.00252131 0.04747869
 0.24770334 0.30761635 0.05      ]","[0.44141214 0.         0.         0.00273597 0.         0.05
 0.2883426  0.16750929 0.05      ]","[0.54216549 0.         0.         0.         0.         0.05
 0.31884901 0.03898551 0.05      ]","[0.6611202 0.        0.        0.        0.        0.05      0.2388798
 0.        0.05     ]","[0.77897079 0.         0.         0.         0.         0.05
 0.12102921 0.         0.05      ]",[0.8  0.   0.   0.   0.   0.05 0.05 0.   0.1 ],[0.8  0.   0.   0.   0.   0.05 0.05 0.   0.1 ],[1 0 0 0 0 0 0 0 0],[1 0 0 0 0 0 0 0 0],[1 0 0 0 0 0 0 0 0],"[0.07794747 0.         0.         0.02205253 0.02621044 0.02378956
 0.12593828 0.67406172 0.05      ]","[0.         0.02181807 0.         0.02818193 0.13312971 0.06214261
 0.03426627 0.67046141 0.05      ]"
1998-09-30,"[0.         0.02047019 0.0015638  0.02796601 0.12915418 0.05775121
 0.01943355 0.69366107 0.05      ]","[0.         0.02047019 0.0015638  0.02796601 0.12915418 0.05775121
 0.01943355 0.69366107 0.05      ]","[0.06950055 0.         0.         0.01982403 0.03552867 0.02514676
 0.08127268 0.71872732 0.05      ]","[0.20865707 0.         0.         0.         0.01109978 0.03890022
 0.14734017 0.54400276 0.05      ]","[0.31752448 0.         0.         0.         0.00211971 0.04788029
 0.17083498 0.41164054 0.05      ]","[0.41622103 0.         0.         0.         0.         0.05
 0.19143438 0.2923446  0.05      ]","[0.50950451 0.         0.         0.         0.         0.05
 0.21087805 0.17961744 0.05      ]","[0.59928894 0.         0.         0.         0.         0.05
 0.22959376 0.0711173  0.05      ]","[0.69703935 0.         0.         0.         0.         0.05
 0.19559441 0.00736624 0.05      ]","[0.8        0.         0.         0.         0.         0.05
 0.08293722 0.         0.06706278]",[0.8  0.   0.   0.   0.   0.05 0.05 0.   0.1 ],[0.8  0.   0.   0.   0.   0.05 0.05 0.   0.1 ],[1 0 0 0 0 0 0 0 0],[1 0 0 0 0 0 0 0 0],"[0.07979787 0.         0.         0.01876215 0.02796141 0.02203859
 0.07466562 0.72533438 0.05143998]","[0.         0.02178149 0.         0.02821851 0.13289067 0.0610251
 0.0331175  0.67296673 0.05      ]"
1998-10-30,"[0.         0.01453342 0.0099063  0.02556028 0.12213121 0.04720207
 0.03081958 0.69984714 0.05      ]","[0.         0.01453342 0.0099063  0.02556028 0.12213121 0.04720207
 0.03081958 0.69984714 0.05      ]","[0.06736899 0.         0.         0.01825455 0.04094269 0.02343377
 0.08127125 0.71872875 0.05      ]","[0.20593589 0.         0.         0.         0.01274181 0.03725819
 0.14398959 0.55007452 0.05      ]","[0.31577086 0.         0.         0.         0.00273849 0.04726151
 0.15887951 0.42534964 0.05      ]","[0.41437483 0.         0.         0.         0.         0.05
 0.17793605 0.30768912 0.05      ]","[0.50825975 0.         0.         0.         0.         0.05
 0.19335677 0.19838348 0.05      ]","[0.59856678 0.         0.         0.         0.         0.05
 0.20819012 0.0932431  0.05      ]","[0.69154627 0.         0.         0.         0.         0.05
 0.19567661 0.01277712 0.05      ]","[7.95192794e-01 0.00000000e+00 0.00000000e+00 0.00000000e+00
 0.00000000e+00 5.00000000e-02 1.04471794e-01 3.35412342e-04
 5.00000000e-02]",[0.8  0.   0.   0.   0.   0.05 0.05 0.   0.1 ],[0.8  0.   0.   0.   0.   0.05 0.05 0.   0.1 ],[1 0 0 0 0 0 0 0 0],[1 0 0 0 0 0 0 0 0],"[0.07663953 0.         0.         0.01747424 0.03418298 0.01959305
 0.08077358 0.71922642 0.05211019]","[0.         0.01542538 0.00816153 0.02641309 0.12522588 0.04863707
 0.03375843 0.69237862 0.05      ]"
1998-11-30,"[0.         0.01332595 0.01169013 0.02498392 0.12420274 0.04977996
 0.03442229 0.69159501 0.05      ]","[0.         0.01332595 0.01169013 0.02498392 0.12420274 0.04977996
 0.03442229 0.69159501 0.05      ]","[0.06800598 0.         0.         0.01982634 0.03932061 0.02284707
 0.08125031 0.71874969 0.05      ]","[2.10432664e-01 0.00000000e+00 0.00000000e+00 4.51919356e-04
 1.33562723e-02 3.66437277e-02 1.25591914e-01 5.63523503e-01
 5.00000000e-02]","[0.32012131 0.         0.         0.         0.00546269 0.04453731
 0.13805147 0.44182722 0.05      ]","[0.41765395 0.         0.         0.         0.         0.05
 0.15009844 0.33224761 0.05      ]","[0.510974   0.         0.         0.         0.         0.05
 0.16067789 0.22834811 0.05      ]","[0.6007382  0.         0.         0.         0.         0.05
 0.17085228 0.12840951 0.05      ]","[0.68992688 0.         0.         0.         0.         0.05
 0.17052167 0.03955145 0.05      ]","[0.78651637 0.         0.         0.         0.         0.05
 0.1099711  0.00351253 0.05      ]",[0.8  0.   0.   0.   0.   0.05 0.05 0.   0.1 ],[0.8  0.   0.   0.   0.   0.05 0.05 0.   0.1 ],[1 0 0 0 0 0 0 0 0],[1 0 0 0 0 0 0 0 0],"[0.08071148 0.         0.         0.01928852 0.0302649  0.0197351
 0.08024846 0.71975154 0.05      ]","[0.         0.01461866 0.00983989 0.02554145 0.12535917 0.04885499
 0.03359534 0.6921905  0.05      ]"
1998-12-31,"[0.         0.01369036 0.01198759 0.02432205 0.12140746 0.04780753
 0.03017727 0.70060774 0.05      ]","[0.         0.01369036 0.01198759 0.02432205 0.12140746 0.04780753
 0.03017727 0.70060774 0.05      ]","[0.07000879 0.         0.         0.02049712 0.04231289 0.0171812
 0.08078061 0.71921939 0.05      ]","[0.21440981 0.         0.         0.00264947 0.02837137 0.02162863
 0.1193994  0.56354132 0.05      ]","[0.32418562 0.         0.         0.         0.02494718 0.02505282
 0.13392287 0.4418915  0.05      ]","[0.42149767 0.         0.         0.         0.021845   0.028155
 0.14625397 0.33224836 0.05      ]","[0.51295972 0.         0.         0.         0.01863255 0.03136745
 0.15869216 0.22834812 0.05      ]","[0.60715786 0.         0.         0.         0.02118942 0.02881058
 0.1409465  0.15189564 0.05      ]","[0.68982215 0.         0.         0.         0.01484562 0.03515438
 0.17030216 0.03987569 0.05      ]","[0.78576414 0.         0.         0.         0.01203941 0.03796059
 0.11030784 0.00392802 0.05      ]",[0.8  0.   0.   0.   0.   0.05 0.05 0.   0.1 ],[0.8  0.   0.   0.   0.   0.05 0.05 0.   0.1 ],[1 0 0 0 0 0 0 0 0],[1 0 0 0 0 0 0 0 0],"[0.08068334 0.         0.         0.01931666 0.03622439 0.01377561
 0.07793207 0.72206793 0.05      ]","[0.         0.01413487 0.01129652 0.02456861 0.12571835 0.04800782
 0.03405491 0.69221892 0.05      ]"
1999-01-29,"[0.         0.01303711 0.013511   0.02345189 0.12083707 0.04747819
 0.03095047 0.70073427 0.05      ]","[0.         0.01303711 0.013511   0.02345189 0.12083707 0.04747819
 0.03095047 0.70073427 0.05      ]","[0.0731206  0.         0.         0.01891431 0.04394072 0.01402437
 0.07727533 0.72272467 0.05      ]","[0.21939368 0.         0.         0.00109929 0.03738051 0.01261949
 0.11558601 0.56392101 0.05      ]","[0.32909914 0.         0.         0.         0.03751204 0.01248796
 0.12701796 0.44388291 0.05      ]","[0.4261247  0.         0.         0.         0.03778335 0.01221665
 0.13984596 0.33402933 0.05      ]","[0.51778871 0.         0.         0.         0.03801472 0.01198528
 0.14992035 0.23229094 0.05      ]","[0.61139863 0.         0.         0.         0.04290497 0.00709503
 0.12921325 0.15938812 0.05      ]","[0.69294404 0.         0.         0.         0.03842503 0.01157497
 0.16617534 0.04088062 0.05      ]","[0.78768812 0.         0.         0.         0.03776832 0.01223168
 0.10914319 0.0031687  0.05      ]",[0.8  0.   0.   0.   0.   0.05 0.05 0.   0.1 ],[0.8  0.   0.   0.   0.   0.05 0.05 0.   0.1 ],[1 0 0 0 0 0 0 0 0],[1 0 0 0 0 0 0 0 0],"[0.08359777 0.         0.         0.01640223 0.03918171 0.01081829
 0.07588158 0.72411842 0.05      ]","[0.         0.01384486 0.01249136 0.02366378 0.12535413 0.04828657
 0.03395113 0.69240817 0.05      ]"
1999-02-26,"[0.         0.01533214 0.01181619 0.02285167 0.11738007 0.04857584
 0.02906253 0.70498155 0.05      ]","[0.         0.01533214 0.01181619 0.02285167 0.11738007 0.04857584
 0.02906253 0.70498155 0.05      ]","[0.0750636  0.         0.         0.01878808 0.04193209 0.01414463
 0.07727487 0.72272513 0.0500716 ]","[0.22248709 0.         0.         0.         0.03738603 0.0126167
 0.11355165 0.56395581 0.05000273]","[0.33259841 0.         0.         0.         0.03751203 0.01248797
 0.12352373 0.44387786 0.05      ]","[0.43041435 0.         0.         0.         0.03778147 0.01221853
 0.13554305 0.3340426  0.05      ]","[0.52304583 0.         0.         0.         0.03869808 0.01130192
 0.14467471 0.23227947 0.05      ]","[0.61719221 0.         0.         0.         0.04325826 0.00674174
 0.12565457 0.15715322 0.05      ]","[0.70008157 0.         0.         0.         0.03913016 0.01086984
 0.15903628 0.04088215 0.05      ]","[0.79542718 0.         0.         0.         0.03848252 0.01151748
 0.10457282 0.         0.05      ]",[0.8  0.   0.   0.   0.   0.05 0.05 0.   0.1 ],[0.8  0.   0.   0.   0.   0.05 0.05 0.   0.1 ],[1 0 0 0 0 0 0 0 0],[1 0 0 0 0 0 0 0 0],"[0.08342442 0.         0.         0.01657558 0.03756705 0.01243295
 0.07662506 0.72337494 0.05      ]","[0.         0.0142868  0.0131166  0.0225966  0.1229109  0.04858966
 0.03475741 0.69374202 0.05      ]"
1999-03-31,"[0.         0.01360928 0.01363316 0.02275756 0.12277467 0.04485344
 0.03303651 0.69933539 0.05      ]","[0.         0.01360928 0.01363316 0.02275756 0.12277467 0.04485344
 0.03303651 0.69933539 0.05      ]","[0.07180653 0.         0.         0.01665169 0.05270433 0.00883745
 0.0771912  0.7228088  0.05      ]","[0.22071406 0.         0.         0.         0.05       0.
 0.11355149 0.56573445 0.05      ]","[0.33199586 0.         0.         0.         0.05       0.
 0.12352371 0.44448044 0.05      ]","[0.43032315 0.         0.         0.         0.05       0.
 0.13454042 0.33513642 0.05      ]","[0.52300045 0.         0.         0.         0.05       0.
 0.14331746 0.23368209 0.05      ]","[0.61644614 0.         0.         0.         0.05       0.
 0.1256546  0.15789926 0.05      ]","[0.69957457 0.         0.         0.         0.05       0.
 0.15903523 0.04139021 0.05      ]","[0.79482714 0.         0.         0.         0.05000264 0.
 0.10516758 0.         0.05000264]",[0.8  0.   0.   0.   0.   0.05 0.05 0.   0.1 ],[0.8  0.   0.   0.   0.   0.05 0.05 0.   0.1 ],[1 0 0 0 0 0 0 0 0],[1 0 0 0 0 0 0 0 0],"[0.08656095 0.         0.         0.01343905 0.04657149 0.00342851
 0.08167951 0.71832049 0.05      ]","[0.         0.01412119 0.0132306  0.02264821 0.12275115 0.04676437
 0.03466622 0.69581827 0.05      ]"
1999-04-30,"[0.         0.01405448 0.01323679 0.02270873 0.12319913 0.04421962
 0.03370597 0.69887528 0.05      ]","[0.         0.01405448 0.01323679 0.02270873 0.12319913 0.04421962
 0.03370597 0.69887528 0.05      ]","[0.07215169 0.         0.         0.01670452 0.04677279 0.01437099
 0.07742593 0.72257407 0.05      ]","[0.22001877 0.         0.         0.         0.03972957 0.01027043
 0.11410157 0.56587966 0.05      ]","[0.33100027 0.         0.         0.         0.0408392  0.0091608
 0.1240278  0.44497193 0.05      ]","[0.42925012 0.         0.         0.         0.04199363 0.00800637
 0.13467872 0.33607116 0.05      ]","[0.52186688 0.         0.         0.         0.04316222 0.00683778
 0.14337603 0.23475709 0.05      ]","[0.61518264 0.         0.         0.         0.04499145 0.00500855
 0.12659136 0.158226   0.05      ]","[0.69836218 0.         0.         0.         0.04531676 0.00468324
 0.15903523 0.04260259 0.05      ]","[0.79193671 0.         0.         0.         0.0379787  0.0120213
 0.10806329 0.         0.05      ]",[0.8  0.   0.   0.   0.   0.05 0.05 0.   0.1 ],[0.8  0.   0.   0.   0.   0.05 0.05 0.   0.1 ],[1 0 0 0 0 0 0 0 0],[1 0 0 0 0 0 0 0 0],"[0.08582285 0.         0.         0.01417715 0.03783649 0.01216351
 0.0888336  0.7111664  0.05      ]","[0.         0.01438808 0.01278154 0.02283038 0.12296112 0.04597175
 0.03502078 0.69604635 0.05      ]"
1999-05-31,"[0.00220223 0.00864791 0.01474611 0.02440374 0.11992721 0.04147569
 0.02780718 0.71078991 0.05      ]","[0.00220223 0.00864791 0.01474611 0.02440374 0.11992721 0.04147569
 0.02780718 0.71078991 0.05      ]","[0.07354209 0.         0.         0.0155122  0.04653324 0.01441248
 0.08211715 0.71788285 0.05      ]","[0.21859164 0.         0.         0.         0.03901381 0.01098619
 0.12244297 0.55896539 0.05      ]","[0.32879317 0.         0.         0.         0.04026508 0.00973492
 0.13509926 0.43610757 0.05      ]","[0.42702683 0.         0.         0.         0.04173222 0.00826778
 0.14549246 0.32748071 0.05      ]","[0.51951753 0.         0.         0.         0.04259938 0.00740062
 0.15471271 0.22576976 0.05      ]","[0.61360042 0.         0.         0.         0.03629956 0.01370044
 0.12847146 0.15792812 0.05      ]","[0.69447078 0.         0.         0.         0.04390344 0.00609656
 0.17907184 0.02645738 0.05      ]","[0.79227625 0.         0.         0.         0.0379727  0.0120273
 0.10772375 0.         0.05      ]",[0.8  0.   0.   0.   0.   0.05 0.05 0.   0.1 ],[0.8  0.   0.   0.   0.   0.05 0.05 0.   0.1 ],[1 0 0 0 0 0 0 0 0],[1 0 0 0 0 0 0 0 0],"[0.08726877 0.         0.         0.01273123 0.03806908 0.01193092
 0.09635893 0.70364107 0.05      ]","[0.00170368 0.01028201 0.01426124 0.02375307 0.12163834 0.04263173
 0.03503287 0.70069706 0.05      ]"
1999-06-30,"[0.         0.01499479 0.01033228 0.02467293 0.11529668 0.03918091
 0.02082746 0.72469494 0.05      ]","[0.         0.01499479 0.01033228 0.02467293 0.11529668 0.03918091
 0.02082746 0.72469494 0.05      ]","[0.06972687 0.         0.         0.01597173 0.04562396 0.01333689
 0.08211682 0.71788318 0.05534055]","[0.21656454 0.         0.         0.         0.03894564 0.01105436
 0.12804043 0.55539503 0.05      ]","[0.32553351 0.         0.         0.         0.03972128 0.01027872
 0.14459113 0.42987536 0.05      ]","[0.42394797 0.         0.         0.         0.03966429 0.01033571
 0.15116644 0.32488559 0.05      ]","[0.51580124 0.         0.         0.         0.04248667 0.00751333
 0.16390128 0.22029748 0.05      ]","[0.60128312 0.         0.         0.         0.03658335 0.01341665
 0.18576794 0.11294894 0.05      ]","[0.69119675 0.         0.         0.         0.04391214 0.00608786
 0.18307704 0.02572621 0.05      ]","[0.78901916 0.         0.         0.         0.0379694  0.0120306
 0.11098084 0.         0.05      ]",[0.8  0.   0.   0.   0.   0.05 0.05 0.   0.1 ],[0.8  0.   0.   0.   0.   0.05 0.05 0.   0.1 ],[1 0 0 0 0 0 0 0 0],[1 0 0 0 0 0 0 0 0],"[0.08448475 0.         0.         0.01330945 0.03876899 0.01123101
 0.09642843 0.70357157 0.0522058 ]","[0.         0.01291505 0.01315496 0.02392999 0.11956917 0.04101954
 0.03619985 0.70321145 0.05      ]"
1999-07-30,"[0.         0.01595406 0.01280019 0.02124576 0.11729047 0.03765564
 0.01986026 0.72519363 0.05      ]","[0.         0.01595406 0.01280019 0.02124576 0.11729047 0.03765564
 0.01986026 0.72519363 0.05      ]","[0.07353384 0.         0.         0.0185338  0.03962184 0.0140546
 0.08247658 0.71752342 0.05425592]","[0.21510466 0.         0.         0.0064938  0.03047956 0.01952044
 0.12899621 0.54940533 0.05      ]","[0.32328249 0.         0.         0.00073484 0.02850282 0.02149718
 0.14753039 0.42845228 0.05      ]","[0.4197686  0.         0.         0.         0.02535606 0.02464394
 0.15596119 0.32427021 0.05      ]","[0.50860731 0.         0.         0.         0.02246408 0.02753592
 0.1744507  0.21694199 0.05      ]","[0.59461044 0.         0.         0.         0.02082947 0.02917053
 0.19264906 0.11274051 0.05      ]","[0.68258947 0.         0.         0.         0.02080981 0.02919019
 0.1916648  0.02574573 0.05      ]","[0.77911414 0.         0.         0.         0.01371893 0.03628107
 0.12088586 0.         0.05      ]",[0.8  0.   0.   0.   0.   0.05 0.05 0.   0.1 ],[0.8  0.   0.   0.   0.   0.05 0.05 0.   0.1 ],[1 0 0 0 0 0 0 0 0],[1 0 0 0 0 0 0 0 0],"[0.08386317 0.         0.         0.01613683 0.03452828 0.01547172
 0.10099619 0.69900381 0.05      ]","[0.         0.0141678  0.01314052 0.02269168 0.11949404 0.03980537
 0.0343069  0.70639369 0.05      ]"
1999-08-31,"[0.         0.01120909 0.01681126 0.02197966 0.11634082 0.03553403
 0.01715211 0.73097304 0.05      ]","[0.         0.01120909 0.01681126 0.02197966 0.11634082 0.03553403
 0.01715211 0.73097304 0.05      ]","[0.0751752  0.         0.         0.01926316 0.03450315 0.01737728
 0.0904489  0.7095511  0.05368121]","[0.20744512 0.         0.         0.00662082 0.01725873 0.03274127
 0.16795837 0.51797569 0.05      ]","[0.31017278 0.         0.         0.00061691 0.00831056 0.04168944
 0.20505592 0.38415439 0.05      ]","[0.40083268 0.         0.         0.         0.00074943 0.04925057
 0.23774442 0.2614229  0.05      ]","[0.48863993 0.         0.         0.         0.         0.05
 0.26815932 0.14320075 0.05      ]","[0.57356221 0.         0.         0.         0.         0.05
 0.29741205 0.02902574 0.05      ]","[0.67969554 0.         0.         0.         0.         0.05
 0.22030446 0.         0.05      ]","[0.78582847 0.         0.         0.         0.         0.05
 0.11417153 0.         0.05      ]",[0.8  0.   0.   0.   0.   0.05 0.05 0.   0.1 ],[0.8  0.   0.   0.   0.   0.05 0.05 0.   0.1 ],[1 0 0 0 0 0 0 0 0],[1 0 0 0 0 0 0 0 0],"[0.08291755 0.         0.         0.01708245 0.02994817 0.02005183
 0.11275516 0.68724484 0.05      ]","[0.         0.01266879 0.01468816 0.02264305 0.11911305 0.03792649
 0.03387883 0.70908162 0.05      ]"
1999-09-30,"[0.         0.01224862 0.01707857 0.0206728  0.11497556 0.03171339
 0.012202   0.74110905 0.05      ]","[0.         0.01224862 0.01707857 0.0206728  0.11497556 0.03171339
 0.012202   0.74110905 0.05      ]","[0.07647254 0.         0.         0.01903107 0.03245557 0.01853115
 0.09005637 0.70994363 0.05350968]","[0.20437765 0.         0.         0.0059119  0.01259291 0.03740709
 0.16951546 0.52019498 0.05      ]","[0.30577494 0.         0.         0.00048856 0.00048667 0.04951333
 0.205056   0.3886805  0.05      ]","[0.39923523 0.         0.         0.         0.         0.05
 0.23855396 0.26221081 0.05      ]","[0.48769571 0.         0.         0.         0.         0.05
 0.26852536 0.14377893 0.05      ]","[0.57299949 0.         0.         0.         0.         0.05
 0.29761393 0.02938658 0.05      ]","[0.67917722 0.         0.         0.         0.         0.05
 0.22082278 0.         0.05      ]","[0.78530134 0.         0.         0.         0.         0.05
 0.11469866 0.         0.05      ]",[0.8  0.   0.   0.   0.   0.05 0.05 0.   0.1 ],[0.8  0.   0.   0.   0.   0.05 0.05 0.   0.1 ],[1 0 0 0 0 0 0 0 0],[1 0 0 0 0 0 0 0 0],"[0.08213194 0.         0.         0.01786806 0.02945563 0.02054437
 0.09384079 0.70615921 0.05      ]","[0.         0.01229141 0.0158845  0.02182409 0.11738669 0.03355926
 0.02776269 0.72129135 0.05      ]"
1999-10-29,"[0.         0.01042122 0.0178982  0.02168058 0.09221107 0.02972943
 0.01328137 0.76477813 0.05      ]","[0.         0.01042122 0.0178982  0.02168058 0.09221107 0.02972943
 0.01328137 0.76477813 0.05      ]","[0.08087228 0.         0.         0.01334328 0.03353056 0.01646944
 0.09013612 0.70986388 0.05578444]","[0.21016252 0.         0.         0.         0.01792215 0.03207785
 0.16971163 0.52012586 0.05      ]","[0.31023429 0.         0.         0.         0.00929483 0.04070517
 0.20505602 0.38470969 0.05      ]","[0.40016413 0.         0.         0.         0.00253793 0.04746207
 0.23911347 0.26072241 0.05      ]","[0.48692795 0.         0.         0.         0.         0.05
 0.26929238 0.14377967 0.05      ]","[0.57120719 0.         0.         0.         0.         0.05
 0.2994063  0.02938651 0.05      ]","[0.67656496 0.         0.         0.         0.         0.05
 0.22343504 0.         0.05      ]","[0.78208542 0.         0.         0.         0.         0.05
 0.11791458 0.         0.05      ]",[0.8  0.   0.   0.   0.   0.05 0.05 0.   0.1 ],[0.8  0.   0.   0.   0.   0.05 0.05 0.   0.1 ],[1 0 0 0 0 0 0 0 0],[1 0 0 0 0 0 0 0 0],"[0.08188191 0.         0.         0.01248091 0.03425012 0.01574988
 0.09360014 0.70639986 0.05563718]","[0.         0.01130492 0.01704641 0.02164866 0.09580382 0.03161547
 0.02719614 0.74538458 0.05      ]"
1999-11-30,"[0.         0.00924302 0.01686759 0.02388939 0.08978803 0.02879635
 0.01186602 0.7695496  0.05      ]","[0.         0.00924302 0.01686759 0.02388939 0.08978803 0.02879635
 0.01186602 0.7695496  0.05      ]","[0.08320176 0.         0.         0.01293057 0.0335953  0.0164047
 0.10149232 0.69850768 0.05386768]","[0.20867109 0.         0.         0.         0.02088571 0.02911429
 0.18617132 0.50515759 0.05      ]","[0.30876182 0.         0.         0.         0.01347911 0.03652089
 0.2226137  0.36862447 0.05      ]","[0.39712461 0.         0.         0.         0.00669173 0.04330827
 0.26415132 0.23872407 0.05      ]","[0.48082444 0.         0.         0.         0.00109831 0.04890169
 0.30463316 0.11454241 0.05      ]","[0.56509767 0.         0.         0.         0.         0.05
 0.33490233 0.         0.05      ]","[0.67814581 0.         0.         0.         0.         0.05
 0.22185419 0.         0.05      ]","[0.78217741 0.         0.         0.         0.         0.05
 0.11782259 0.         0.05      ]",[0.8  0.   0.   0.   0.   0.05 0.05 0.   0.1 ],[0.8  0.   0.   0.   0.   0.05 0.05 0.   0.1 ],[1 0 0 0 0 0 0 0 0],[1 0 0 0 0 0 0 0 0],"[0.08821379 0.         0.         0.01166567 0.03365272 0.01634728
 0.11415673 0.68584327 0.05012054]","[0.         0.01013825 0.01739808 0.02246367 0.09373458 0.03080541
 0.02546022 0.74999979 0.05      ]"
1999-12-31,"[0.         0.00930345 0.01911413 0.02158242 0.09649657 0.02849273
 0.01072587 0.76428483 0.05      ]","[0.         0.00930345 0.01911413 0.02158242 0.09649657 0.02849273
 0.01072587 0.76428483 0.05      ]","[0.0817308  0.         0.         0.01468443 0.03147    0.01853
 0.10142812 0.69857188 0.05358477]","[0.20274871 0.         0.         0.         0.01356221 0.03643779
 0.19919862 0.49805267 0.05      ]","[0.29831394 0.         0.         0.         0.00315991 0.04684009
 0.24702387 0.35466219 0.05      ]","[0.38540442 0.         0.         0.         0.         0.05
 0.29584769 0.21874789 0.05      ]","[0.46997422 0.         0.         0.         0.         0.05
 0.33732844 0.09269734 0.05      ]","[0.56171673 0.         0.         0.         0.         0.05
 0.33828327 0.         0.05      ]","[0.6756629 0.        0.        0.        0.        0.05      0.2243371
 0.        0.05     ]","[0.780464 0.       0.       0.       0.       0.05     0.119536 0.
 0.05    ]",[0.8  0.   0.   0.   0.   0.05 0.05 0.   0.1 ],[0.8  0.   0.   0.   0.   0.05 0.05 0.   0.1 ],[1 0 0 0 0 0 0 0 0],[1 0 0 0 0 0 0 0 0],"[0.08660591 0.         0.         0.01339409 0.02861663 0.02138337
 0.1233349  0.6766651  0.05      ]","[0.         0.00966502 0.01832501 0.02200996 0.09684948 0.03012712
 0.02328255 0.74974086 0.05      ]"
2000-01-31,"[0.00111917 0.00744777 0.01940907 0.02202399 0.09729353 0.02854501
 0.01097583 0.76318562 0.05      ]","[0.00111917 0.00744777 0.01940907 0.02202399 0.09729353 0.02854501
 0.01097583 0.76318562 0.05      ]","[0.08085414 0.         0.         0.01471637 0.03320329 0.01679671
 0.10216692 0.69783308 0.05442949]","[0.20191194 0.         0.         0.         0.01635605 0.03364395
 0.2040474  0.49404066 0.05      ]","[0.29663358 0.         0.         0.         0.0064781  0.0435219
 0.25395612 0.3494103  0.05      ]","[0.38288545 0.         0.         0.         0.         0.05
 0.29904894 0.21806561 0.05      ]","[0.46638412 0.         0.         0.         0.         0.05
 0.34193522 0.09168066 0.05      ]","[0.55769874 0.         0.         0.         0.         0.05
 0.34230126 0.         0.05      ]","[0.67129565 0.         0.         0.         0.         0.05
 0.22870435 0.         0.05      ]","[0.77572143 0.         0.         0.         0.         0.05
 0.12427857 0.         0.05      ]",[0.8  0.   0.   0.   0.   0.05 0.05 0.   0.1 ],[0.8  0.   0.   0.   0.   0.05 0.05 0.   0.1 ],[1 0 0 0 0 0 0 0 0],[1 0 0 0 0 0 0 0 0],"[0.08835997 0.         0.         0.01164003 0.03123605 0.01876395
 0.13149267 0.66850733 0.05      ]","[0.00087876 0.00847208 0.01882864 0.02182051 0.09810398 0.02927796
 0.0230697  0.74954835 0.05      ]"
2000-02-29,"[0.         0.00931351 0.01971998 0.02096651 0.09422971 0.03045899
 0.01181002 0.76350128 0.05      ]","[0.         0.00931351 0.01971998 0.02096651 0.09422971 0.03045899
 0.01181002 0.76350128 0.05      ]","[0.08061664 0.00378689 0.         0.0119462  0.02548475 0.02451525
 0.1077289  0.6922711  0.05365027]","[0.19933817 0.         0.         0.         0.00255631 0.04744369
 0.21106964 0.48959219 0.05      ]","[0.29591995 0.         0.         0.         0.         0.05
 0.26638189 0.33769816 0.05      ]","[0.38332508 0.         0.         0.         0.         0.05
 0.3167747  0.19990022 0.05      ]","[0.46668126 0.         0.         0.         0.         0.05
 0.36143551 0.07188324 0.05      ]","[0.56573134 0.         0.         0.         0.         0.05
 0.33426866 0.         0.05      ]","[0.67929958 0.         0.         0.         0.         0.05
 0.22070042 0.         0.05      ]","[0.78393438 0.         0.         0.         0.         0.05
 0.11606562 0.         0.05      ]",[0.8  0.   0.   0.   0.   0.05 0.05 0.   0.1 ],[0.8  0.   0.   0.   0.   0.05 0.05 0.   0.1 ],[1 0 0 0 0 0 0 0 0],[1 0 0 0 0 0 0 0 0],"[0.08871444 0.00251913 0.         0.00876643 0.02131744 0.02868256
 0.13531194 0.66468806 0.05      ]","[0.00105569 0.00849006 0.01900504 0.02144922 0.09761162 0.03004185
 0.02249864 0.74984789 0.05      ]"
2000-03-31,"[0.00585614 0.00191852 0.02033526 0.02189008 0.09051998 0.02811497
 0.01957908 0.76178597 0.05      ]","[0.00585614 0.00191852 0.02033526 0.02189008 0.09051998 0.02811497
 0.01957908 0.76178597 0.05      ]","[0.07589506 0.00727184 0.         0.01079359 0.02597885 0.02588605
 0.11345188 0.68654812 0.05417461]","[0.18580041 0.00541013 0.         0.         0.         0.05
 0.23753793 0.47125152 0.05      ]","[0.27940106 0.0079145  0.         0.         0.         0.05
 0.29921615 0.31346829 0.05      ]","[0.36323389 0.01016488 0.         0.         0.         0.05
 0.35444958 0.17215165 0.05      ]","[0.44274439 0.01191755 0.         0.         0.         0.05
 0.40633643 0.03900164 0.05      ]","[0.54892614 0.01965174 0.         0.         0.         0.05
 0.33142212 0.         0.05      ]","[0.65338951 0.03152671 0.         0.         0.         0.05
 0.21508378 0.         0.05      ]","[0.74987735 0.04249433 0.         0.         0.         0.05
 0.10762832 0.         0.05      ]",[0.8  0.   0.   0.   0.   0.05 0.05 0.   0.1 ],[0.8  0.   0.   0.   0.   0.05 0.05 0.   0.1 ],[1 0 0 0 0 0 0 0 0],[1 0 0 0 0 0 0 0 0],"[0.08443546 0.008416   0.         0.00714854 0.02094461 0.02905539
 0.14277385 0.65722615 0.05      ]","[0.00523935 0.00378808 0.01975175 0.02122083 0.09418405 0.02834208
 0.02541643 0.75205744 0.05      ]"
2000-04-28,"[0.00379858 0.         0.02069805 0.02550337 0.09854465 0.02920966
 0.01719271 0.75505298 0.05      ]","[0.00379858 0.         0.02069805 0.02550337 0.09854465 0.02920966
 0.01719271 0.75505298 0.05      ]","[0.08246607 0.         0.         0.0150481  0.0262775  0.02372395
 0.1129172  0.687106   0.05246118]","[0.19864435 0.         0.         0.         0.00632948 0.04367052
 0.21594122 0.48541442 0.05      ]","[0.29244157 0.         0.         0.         0.         0.05
 0.26782607 0.33973236 0.05      ]","[0.37870469 0.         0.         0.         0.         0.05
 0.31496014 0.20633517 0.05      ]","[0.46013617 0.         0.         0.         0.         0.05
 0.35952038 0.08034345 0.05      ]","[0.55287125 0.         0.         0.         0.         0.05
 0.34712875 0.         0.05      ]","[0.6628353 0.        0.        0.        0.        0.05      0.2371647
 0.        0.05     ]","[0.76119888 0.00489431 0.         0.         0.         0.05
 0.13390681 0.         0.05      ]",[0.8  0.   0.   0.   0.   0.05 0.05 0.   0.1 ],[0.8  0.   0.   0.   0.   0.05 0.05 0.   0.1 ],[1 0 0 0 0 0 0 0 0],[1 0 0 0 0 0 0 0 0],"[0.08571633 0.         0.         0.01428367 0.02620029 0.02379971
 0.11689779 0.68310221 0.05      ]","[4.08462470e-03 4.06988564e-04 2.05372057e-02 2.49711811e-02
 9.60556045e-02 2.85723786e-02 2.32867306e-02 7.52085286e-01
 5.00000000e-02]"
2000-05-31,"[6.76531415e-03 6.03127082e-04 1.93455547e-02 2.32860041e-02
 9.73953499e-02 2.96291995e-02 1.48847173e-02 7.58090733e-01
 5.00000000e-02]","[6.76531415e-03 6.03127082e-04 1.93455547e-02 2.32860041e-02
 9.73953499e-02 2.96291995e-02 1.48847173e-02 7.58090733e-01
 5.00000000e-02]","[0.08918127 0.         0.         0.0046218  0.02505606 0.02494394
 0.11294322 0.68705678 0.05619693]","[0.2022717  0.         0.         0.         0.00568556 0.04431444
 0.21074556 0.48698274 0.05      ]","[0.2953984  0.         0.         0.         0.         0.05
 0.26087813 0.34161629 0.05210718]","[0.37982491 0.         0.         0.         0.         0.05
 0.30258482 0.20645243 0.06113784]","[0.46101613 0.         0.         0.         0.         0.05
 0.34094831 0.08209309 0.06594247]","[0.55288861 0.         0.         0.         0.         0.05
 0.33869658 0.         0.05841481]","[0.66290841 0.         0.         0.         0.         0.05
 0.23669945 0.         0.05039213]","[0.76413016 0.         0.         0.         0.         0.05
 0.13586984 0.         0.05      ]",[0.8  0.   0.   0.   0.   0.05 0.05 0.   0.1 ],[0.8  0.   0.   0.   0.   0.05 0.05 0.   0.1 ],[1 0 0 0 0 0 0 0 0],[1 0 0 0 0 0 0 0 0],"[0.0856377  0.         0.         0.00512012 0.02546087 0.02453913
 0.11331671 0.68668329 0.05924218]","[4.42895876e-03 6.07204925e-04 2.09492056e-02 2.40146307e-02
 9.58668415e-02 2.84051784e-02 2.31159955e-02 7.52611985e-01
 5.00000000e-02]"
2000-06-30,"[0.00469658 0.00295665 0.01928265 0.02306412 0.09707956 0.02816199
 0.01453822 0.76022023 0.05      ]","[0.00469658 0.00295665 0.01928265 0.02306412 0.09707956 0.02816199
 0.01453822 0.76022023 0.05      ]","[0.09298172 0.         0.         0.         0.01623363 0.03376637
 0.13005398 0.66994602 0.05701828]","[0.20461142 0.         0.         0.         0.         0.05
 0.21107464 0.47291836 0.06139558]","[0.29863831 0.         0.         0.         0.         0.05
 0.26035751 0.31934709 0.07165709]","[0.38361812 0.         0.         0.         0.         0.05
 0.30258261 0.18152136 0.08227791]","[0.4638061  0.         0.         0.         0.         0.05
 0.34052053 0.05100659 0.09466678]","[0.56931155 0.         0.         0.         0.         0.05
 0.30229846 0.         0.07839   ]","[0.67894991 0.         0.         0.         0.         0.05
 0.19901621 0.         0.07203388]","[0.78166534 0.         0.         0.         0.         0.05
 0.11202388 0.         0.05631078]",[0.8  0.   0.   0.   0.   0.05 0.05 0.   0.1 ],[0.8  0.   0.   0.   0.   0.05 0.05 0.   0.1 ],[1 0 0 0 0 0 0 0 0],[1 0 0 0 0 0 0 0 0],"[0.08144453 0.         0.         0.003018   0.02047995 0.02952005
 0.1159229  0.6840771  0.06553747]","[0.00392465 0.00160335 0.02071554 0.02375646 0.09581629 0.02818333
 0.02318459 0.75281579 0.05      ]"
2000-07-31,"[0.00408737 0.00158285 0.01936547 0.02496431 0.09233458 0.0250906
 0.01406065 0.76851417 0.05      ]","[0.00408737 0.00158285 0.01936547 0.02496431 0.09233458 0.0250906
