date,02pct,03pct,04pct,05pct,06pct,07pct,08pct,09pct,10pct,11pct,12pct,13pct,14pct,15pct,maxSharpe,minVariance
1998-01-30,[0 0 0 0 0 0 0 0 0],[0 0 0 0 0 0 0 0 0],[0 0 0 0 0 0 0 0 0],[0 0 0 0 0 0 0 0 0],[0 0 0 0 0 0 0 0 0],[0 0 0 0 0 0 0 0 0],[0 0 0 0 0 0 0 0 0],[0 0 0 0 0 0 0 0 0],[0 0 0 0 0 0 0 0 0],[0 0 0 0 0 0 0 0 0],[0 0 0 0 0 0 0 0 0],[0 0 0 0 0 0 0 0 0],[0 0 0 0 0 0 0 0 0],[0 0 0 0 0 0 0 0 0],[0 0 0 0 0 0 0 0 0],[0 0 0 0 0 0 0 0 0]
1998-02-27,"[0.00720542 0.02169861 0.00405976 0.01703621 0.10865179 0.07337297
 0.09491178 0.62306346 0.05      ]","[0.00720542 0.02169861 0.00405976 0.01703621 0.10865179 0.07337297
 0.09491178 0.62306346 0.05      ]","[0.03604138 0.         0.         0.02244594 0.         0.06522216
 0.1900813  0.60992878 0.07628043]","[0.17886724 0.         0.         0.01661123 0.         0.05
 0.25692766 0.40843841 0.08915546]","[0.29008596 0.         0.         0.01338506 0.         0.05
 0.28145943 0.24918836 0.11588119]","[0.3886483  0.         0.         0.01108011 0.         0.05
 0.30511211 0.10399216 0.14116733]","[0.49479313 0.         0.         0.0122123  0.         0.05
 0.28285695 0.         0.16013761]","[0.62682435 0.         0.         0.01391939 0.         0.05
 0.13860166 0.         0.1706546 ]","[0.76763448 0.         0.         0.00949334 0.         0.05
 0.05       0.         0.12287218]",[0.8  0.   0.   0.   0.   0.05 0.05 0.   0.1 ],[0.8  0.   0.   0.   0.   0.05 0.05 0.   0.1 ],[1 0 0 0 0 0 0 0 0],[1 0 0 0 0 0 0 0 0],[1 0 0 0 0 0 0 0 0],"[0.03635354 0.         0.         0.0224288  0.         0.065031
 0.19036141 0.60963859 0.07618666]","[0.00720542 0.02169861 0.00405976 0.01703621 0.10865179 0.07337297
 0.09491178 0.62306346 0.05      ]"
1998-03-31,"[0.00568653 0.02263795 0.00411508 0.01756044 0.11000483 0.07214731
 0.09496063 0.62288723 0.05      ]","[0.00568653 0.02263795 0.00411508 0.01756044 0.11000483 0.07214731
 0.09496063 0.62288723 0.05      ]","[0.04194649 0.         0.         0.0261978  0.00394948 0.06158169
 0.18999073 0.61000927 0.06632454]","[0.18176055 0.         0.         0.02484465 0.         0.05
 0.2564161  0.41123884 0.07573987]","[0.29301217 0.         0.         0.02549411 0.         0.05
 0.2814251  0.25448522 0.0955834 ]","[0.39003154 0.         0.         0.02711256 0.         0.05
 0.30481111 0.11094444 0.11710035]","[0.49479192 0.         0.         0.02636997 0.         0.05
 0.28871034 0.00415776 0.13597001]","[0.62181382 0.         0.         0.03191343 0.         0.05
 0.15441665 0.         0.1418561 ]","[0.74669558 0.         0.         0.03607825 0.         0.05
 0.05       0.         0.11722617]",[0.8  0.   0.   0.   0.   0.05 0.05 0.   0.1 ],[0.8  0.   0.   0.   0.   0.05 0.05 0.   0.1 ],[1 0 0 0 0 0 0 0 0],[1 0 0 0 0 0 0 0 0],[1 0 0 0 0 0 0 0 0],"[0.04634219 0.         0.         0.02652763 0.00271693 0.06026898
 0.18976561 0.61023439 0.06414427]","[0.00681046 0.02237681 0.00394715 0.01686558 0.10873124 0.07252122
 0.09560978 0.62313776 0.05      ]"
1998-04-30,"[0.00475196 0.02372194 0.00358574 0.01794036 0.1115899  0.07256008
 0.09360245 0.62224758 0.05      ]","[0.00475196 0.02372194 0.00358574 0.01794036 0.1115899  0.07256008
 0.09360245 0.62224758 0.05      ]","[0.05282753 0.         0.         0.01955398 0.00379321 0.06152951
 0.18998468 0.61001532 0.06229577]","[0.20191656 0.         0.         0.01128682 0.         0.05
 0.25610664 0.41936278 0.06132719]","[0.3173563  0.         0.         0.00641888 0.         0.05
 0.28139234 0.26491558 0.0799169 ]","[0.41929759 0.         0.         0.00329391 0.         0.05
 0.30480437 0.1240779  0.09852623]","[0.52346189 0.         0.         0.         0.         0.05
 0.30501829 0.00921367 0.11230614]","[6.51877385e-01 0.00000000e+00 0.00000000e+00 2.79440076e-04
 0.00000000e+00 5.00000000e-02 1.80655320e-01 0.00000000e+00
 1.17187855e-01]","[0.77176089 0.         0.         0.00119562 0.         0.05
 0.06221444 0.         0.11482905]",[0.8  0.   0.   0.   0.   0.05 0.05 0.   0.1 ],[0.8  0.   0.   0.   0.   0.05 0.05 0.   0.1 ],[1 0 0 0 0 0 0 0 0],[1 0 0 0 0 0 0 0 0],[1 0 0 0 0 0 0 0 0],"[0.06328305 0.         0.         0.01869919 0.         0.05771076
 0.19343917 0.60656083 0.060307  ]","[0.00611553 0.02315825 0.00339442 0.01733179 0.10867768 0.07277031
 0.09577934 0.62277267 0.05      ]"
1998-05-29,"[0.00544658 0.02378244 0.00351164 0.01725933 0.11272471 0.07128792
 0.09144546 0.62454191 0.05      ]","[0.00544658 0.02378244 0.00351164 0.01725933 0.11272471 0.07128792
 0.09144546 0.62454191 0.05      ]","[0.06186367 0.         0.         0.01615626 0.00967062 0.05663121
 0.18992916 0.61007084 0.05567824]","[0.21163554 0.         0.         0.00432171 0.         0.05
 0.25561468 0.42842807 0.05      ]","[0.33253375 0.         0.         0.         0.         0.05
 0.28120443 0.2815555  0.05470632]","[0.43517126 0.         0.         0.         0.         0.05
 0.30481232 0.14285418 0.06716224]","[0.53895046 0.         0.         0.         0.         0.05
 0.30604743 0.02964269 0.07535943]","[0.6622731 0.        0.        0.        0.        0.05      0.2120182
 0.        0.0757087]","[0.78361192 0.         0.         0.         0.         0.05
 0.09640633 0.         0.06998174]",[0.8  0.   0.   0.   0.   0.05 0.05 0.   0.1 ],[0.8  0.   0.   0.   0.   0.05 0.05 0.   0.1 ],[1 0 0 0 0 0 0 0 0],[1 0 0 0 0 0 0 0 0],[1 0 0 0 0 0 0 0 0],"[0.06993908 0.         0.         0.01571622 0.00519037 0.05448771
 0.1882146  0.6117854  0.05466662]","[0.00600284 0.02335008 0.00322892 0.01741816 0.11049608 0.07271147
 0.09571566 0.62107679 0.05      ]"
1998-06-30,"[0.00469185 0.02476322 0.00747061 0.01307432 0.10863486 0.06907327
 0.08973399 0.63255788 0.05      ]","[0.00469185 0.02476322 0.00747061 0.01307432 0.10863486 0.06907327
 0.08973399 0.63255788 0.05      ]","[0.06476212 0.         0.         0.00793632 0.0098458  0.05467681
 0.18485129 0.61514871 0.06277895]","[0.21392732 0.         0.         0.         0.         0.05
 0.25561239 0.43046029 0.05      ]","[0.33141408 0.         0.         0.         0.         0.05
 0.28158897 0.2833628  0.05363416]","[0.43421589 0.         0.         0.         0.         0.05
 0.30396171 0.14723105 0.06459135]","[0.53617847 0.         0.         0.         0.         0.05
 0.30605012 0.03273221 0.07503921]","[0.65806329 0.         0.         0.         0.         0.05
 0.21633285 0.         0.07560386]","[0.7791252  0.         0.         0.         0.         0.05
 0.10097377 0.         0.06990103]",[0.8  0.   0.   0.   0.   0.05 0.05 0.   0.1 ],[0.8  0.   0.   0.   0.   0.05 0.05 0.   0.1 ],[1 0 0 0 0 0 0 0 0],[1 0 0 0 0 0 0 0 0],[1 0 0 0 0 0 0 0 0],"[0.07276214 0.         0.         0.00720866 0.00249578 0.05194841
 0.18037825 0.61962175 0.06558501]","[0.00601074 0.02342206 0.00638314 0.01418407 0.11026161 0.07178914
 0.09572417 0.62222508 0.05      ]"
1998-07-31,"[0.00449191 0.02703403 0.0061806  0.01229346 0.10725951 0.06749149
 0.08670613 0.63854286 0.05      ]","[0.00449191 0.02703403 0.0061806  0.01229346 0.10725951 0.06749149
 0.08670613 0.63854286 0.05      ]","[0.07329642 0.         0.         0.00164083 0.01138929 0.05242184
 0.18471586 0.61528414 0.06125162]","[0.21758219 0.         0.         0.         0.         0.05
 0.25209321 0.4303246  0.05      ]","[0.3350829  0.         0.         0.         0.         0.05
 0.28155305 0.28336406 0.05      ]","[0.44120447 0.         0.         0.         0.         0.05
 0.30396115 0.1529166  0.05191778]","[0.54330028 0.         0.         0.         0.         0.05
 0.30694704 0.03882945 0.06092324]","[0.66373905 0.         0.         0.         0.         0.05
 0.22814918 0.         0.05811177]","[0.7838864  0.         0.         0.         0.         0.05
 0.11039831 0.         0.05571528]",[0.8  0.   0.   0.   0.   0.05 0.05 0.   0.1 ],[0.8  0.   0.   0.   0.   0.05 0.05 0.   0.1 ],[1 0 0 0 0 0 0 0 0],[1 0 0 0 0 0 0 0 0],[1 0 0 0 0 0 0 0 0],"[8.17024114e-02 0.00000000e+00 0.00000000e+00 6.04294987e-04
 6.91311833e-03 4.97308095e-02 1.82787204e-01 6.17212796e-01
 6.10493658e-02]","[0.00619169 0.02392228 0.00669056 0.01319547 0.10959551 0.07027172
 0.09664589 0.62348688 0.05      ]"
1998-08-31,"[0.00996495 0.01714785 0.00726168 0.01562553 0.1035059  0.06320169
 0.08863938 0.64465304 0.05      ]","[0.00996495 0.01714785 0.00726168 0.01562553 0.1035059  0.06320169
 0.08863938 0.64465304 0.05      ]","[0.07774375 0.         0.         0.00613666 0.01652295 0.04959664
 0.18009512 0.61990488 0.05      ]","[0.21648805 0.         0.         0.         0.         0.05
 0.24867747 0.43483448 0.05      ]","[0.3341761  0.         0.         0.         0.         0.05
 0.27698312 0.28884078 0.05      ]","[0.44029069 0.         0.         0.         0.         0.05
 0.30191865 0.15779066 0.05      ]","[0.54519779 0.         0.         0.         0.         0.05
 0.30695447 0.0478434  0.05000434]","[0.66231332 0.         0.         0.         0.         0.05
 0.23768668 0.         0.05      ]","[0.78207951 0.         0.         0.         0.         0.05
 0.11792049 0.         0.05      ]",[0.8  0.   0.   0.   0.   0.05 0.05 0.   0.1 ],[0.8  0.   0.   0.   0.   0.05 0.05 0.   0.1 ],[1 0 0 0 0 0 0 0 0],[1 0 0 0 0 0 0 0 0],[1 0 0 0 0 0 0 0 0],"[0.09152835 0.         0.         0.00586575 0.00665479 0.04595111
 0.1772415  0.6227585  0.05      ]","[0.00829821 0.02026799 0.0075315  0.0139023  0.10765129 0.06479322
 0.09763416 0.62992133 0.05      ]"
1998-09-30,"[0.0125416  0.01682787 0.01242769 0.00820283 0.09881126 0.05611716
 0.06561832 0.67945326 0.05      ]","[0.0125416  0.01682787 0.01242769 0.00820283 0.09881126 0.05611716
 0.06561832 0.67945326 0.05      ]","[0.07507965 0.         0.         0.         0.02637787 0.04591592
 0.12781759 0.67218241 0.05262656]","[0.20383877 0.         0.         0.         0.         0.05
 0.17402545 0.52213578 0.05      ]","[0.31671596 0.         0.         0.         0.         0.05
 0.17353965 0.40974439 0.05      ]","[0.41810162 0.         0.         0.         0.         0.05
 0.17310578 0.30879261 0.05      ]","[0.5139222  0.         0.         0.         0.         0.05
 0.17268786 0.21338994 0.05      ]","[0.60651433 0.         0.         0.         0.         0.05
 0.17228402 0.12120165 0.05      ]","[0.70748382 0.         0.         0.         0.         0.05
 0.11792049 0.07459569 0.05      ]","[7.99867656e-01 0.00000000e+00 0.00000000e+00 0.00000000e+00
 0.00000000e+00 5.00000000e-02 9.98059114e-02 3.26432081e-04
 5.00000000e-02]",[0.8  0.   0.   0.   0.   0.05 0.05 0.   0.1 ],[0.8  0.   0.   0.   0.   0.05 0.05 0.   0.1 ],[1 0 0 0 0 0 0 0 0],[1 0 0 0 0 0 0 0 0],"[0.08914003 0.         0.         0.         0.0120511  0.04117064
 0.12024732 0.67975268 0.05763823]","[0.01231162 0.01807848 0.01146134 0.00814856 0.1022089  0.05832645
 0.07870509 0.66075957 0.05      ]"
1998-10-30,"[0.00875211 0.0118899  0.0224894  0.0068686  0.08582933 0.0460915
 0.07912241 0.68895676 0.05      ]","[0.00875211 0.0118899  0.0224894  0.0068686  0.08582933 0.0460915
 0.07912241 0.68895676 0.05      ]","[0.06651972 0.         0.         0.         0.03545347 0.04460541
 0.12781755 0.67218245 0.0534214 ]","[0.19851899 0.         0.         0.         0.         0.05
 0.16898073 0.53250028 0.05      ]","[0.31835878 0.         0.         0.         0.         0.05
 0.13127414 0.45036708 0.05      ]","[0.4145904  0.         0.         0.         0.         0.05
 0.16070662 0.32470298 0.05      ]","[0.51139798 0.         0.         0.         0.         0.05
 0.15447314 0.23412888 0.05      ]","[0.60458622 0.         0.         0.         0.         0.05
 0.14995228 0.14546149 0.05      ]","[0.70062164 0.         0.         0.         0.         0.05
 0.11797639 0.08140197 0.05      ]","[0.79231255 0.         0.         0.         0.         0.05
 0.101702   0.00598545 0.05      ]",[0.8  0.   0.   0.   0.   0.05 0.05 0.   0.1 ],[0.8  0.   0.   0.   0.   0.05 0.05 0.   0.1 ],[1 0 0 0 0 0 0 0 0],[1 0 0 0 0 0 0 0 0],"[0.08853328 0.         0.         0.         0.01404224 0.03898616
 0.12150588 0.67849412 0.05843832]","[0.01113179 0.01274114 0.01895775 0.00716932 0.09065998 0.0484462
 0.07894982 0.681944   0.05      ]"
1998-11-30,"[0.00683163 0.00909903 0.0270842  0.00698514 0.08879754 0.04684017
 0.07599649 0.68836581 0.05      ]","[0.00683163 0.00909903 0.0270842  0.00698514 0.08879754 0.04684017
 0.07599649 0.68836581 0.05      ]","[0.07006661 0.         0.         0.         0.03750289 0.0424305
 0.12092041 0.67907959 0.05      ]","[0.20282048 0.         0.         0.         0.         0.05
 0.14668246 0.55049706 0.05      ]","[0.31777195 0.         0.         0.         0.         0.05
 0.13015621 0.45207184 0.05      ]","[0.41753543 0.         0.         0.         0.         0.05
 0.13191085 0.35055372 0.05      ]","[0.51284323 0.         0.         0.         0.         0.05
 0.12532145 0.26183533 0.05      ]","[0.6047684  0.         0.         0.         0.         0.05
 0.11896752 0.17626409 0.05      ]","[0.69606281 0.         0.         0.         0.         0.05
 0.10343513 0.10050205 0.05      ]","[0.78452606 0.         0.         0.         0.         0.05
 0.09625497 0.01921897 0.05      ]",[0.8  0.   0.   0.   0.   0.05 0.05 0.   0.1 ],[0.8  0.   0.   0.   0.   0.05 0.05 0.   0.1 ],[1 0 0 0 0 0 0 0 0],[1 0 0 0 0 0 0 0 0],"[0.1        0.         0.         0.         0.01296927 0.03703073
 0.11548795 0.68451205 0.05      ]","[0.01062241 0.00922359 0.02403018 0.00612382 0.09098232 0.04840547
 0.0787091  0.68190311 0.05      ]"
1998-12-31,"[0.00550864 0.01188221 0.02477044 0.0078387  0.08779977 0.04475471
 0.06921439 0.69823114 0.05      ]","[0.00550864 0.01188221 0.02477044 0.0078387  0.08779977 0.04475471
 0.06921439 0.69823114 0.05      ]","[0.07493776 0.         0.         0.         0.04011585 0.03494638
 0.11312958 0.68687042 0.05      ]","[0.20543877 0.         0.         0.         0.00178833 0.04821167
 0.14251441 0.55204682 0.05      ]","[0.31820767 0.         0.         0.         0.         0.05
 0.12970955 0.45208278 0.05      ]","[0.41749734 0.         0.         0.         0.         0.04999923
 0.12877575 0.35372764 0.05000004]","[0.51279187 0.         0.         0.         0.         0.05
 0.1183091  0.26889904 0.05      ]","[0.60452803 0.         0.         0.         0.         0.05
 0.10949801 0.18597396 0.05      ]","[0.69450594 0.         0.         0.         0.         0.05
 0.09880464 0.10668942 0.05      ]","[0.78258505 0.         0.         0.         0.         0.05
 0.09085672 0.02655823 0.05      ]",[0.8  0.   0.   0.   0.   0.05 0.05 0.   0.1 ],[0.8  0.   0.   0.   0.   0.05 0.05 0.   0.1 ],[1 0 0 0 0 0 0 0 0],[1 0 0 0 0 0 0 0 0],"[0.1        0.         0.         0.         0.02061467 0.02938533
 0.10947962 0.69052038 0.05      ]","[0.01051069 0.00932818 0.02393417 0.00622696 0.09094634 0.04766731
 0.07878971 0.68259664 0.05      ]"
1999-01-29,"[0.00649319 0.01178864 0.02462718 0.00709099 0.0883183  0.04426874
 0.06936961 0.69804335 0.05      ]","[0.00649319 0.01178864 0.02462718 0.00709099 0.0883183  0.04426874
 0.06936961 0.69804335 0.05      ]","[0.07566714 0.         0.         0.         0.04367182 0.03066105
 0.10922037 0.69077963 0.05      ]","[0.20942367 0.         0.         0.         0.01364696 0.03635304
 0.12883101 0.56174532 0.05      ]","[0.31992088 0.         0.         0.         0.00662984 0.04337016
 0.12027805 0.45980107 0.05      ]","[4.19027071e-01 0.00000000e+00 0.00000000e+00 0.00000000e+00
 3.56974261e-04 4.96430257e-02 1.12344430e-01 3.68628498e-01
 5.00000000e-02]","[0.51344891 0.         0.         0.         0.         0.05
 0.10315423 0.28339686 0.05      ]","[0.60461024 0.         0.         0.         0.         0.05
 0.09421861 0.20117116 0.05      ]","[0.69442887 0.         0.         0.         0.         0.05
 0.08071214 0.12485899 0.05      ]","[0.78214269 0.         0.         0.         0.         0.05
 0.07138501 0.04647229 0.05      ]",[0.8  0.   0.   0.   0.   0.05 0.05 0.   0.1 ],[0.8  0.   0.   0.   0.   0.05 0.05 0.   0.1 ],[1 0 0 0 0 0 0 0 0],[1 0 0 0 0 0 0 0 0],"[0.1        0.         0.         0.         0.02579027 0.02420973
 0.10598799 0.69401201 0.05      ]","[0.01026556 0.00935256 0.02393235 0.00644954 0.09092706 0.04704024
 0.07889898 0.68313372 0.05      ]"
1999-02-26,"[0.00768808 0.01150839 0.02414101 0.00666251 0.08788248 0.04424099
 0.06987663 0.69799989 0.05      ]","[0.00768808 0.01150839 0.02414101 0.00666251 0.08788248 0.04424099
 0.06987663 0.69799989 0.05      ]","[0.0769577  0.         0.         0.         0.04319066 0.02985164
 0.10922037 0.69077963 0.05      ]","[0.21291843 0.         0.         0.         0.01412999 0.03587001
 0.12526088 0.56182069 0.05      ]","[0.32431455 0.         0.         0.         0.00726771 0.04273229
 0.11582262 0.45986282 0.05      ]","[4.24130132e-01 0.00000000e+00 0.00000000e+00 0.00000000e+00
 3.57001855e-04 4.96429981e-02 1.07241426e-01 3.68628442e-01
 5.00000000e-02]","[0.51932746 0.         0.         0.         0.         0.05
 0.09714478 0.28352777 0.05      ]","[0.6111802 0.        0.        0.        0.        0.05      0.0876487
 0.2011711 0.05     ]","[0.70169914 0.         0.         0.         0.         0.05
 0.07344105 0.12485981 0.05      ]","[0.78977226 0.         0.         0.         0.         0.05
 0.06553539 0.04469235 0.05      ]",[0.8  0.   0.   0.   0.   0.05 0.05 0.   0.1 ],[0.8  0.   0.   0.   0.   0.05 0.05 0.   0.1 ],[1 0 0 0 0 0 0 0 0],[1 0 0 0 0 0 0 0 0],"[0.1        0.         0.         0.         0.02538804 0.02461196
 0.10730543 0.69269457 0.05      ]","[0.01005811 0.00919994 0.02435829 0.00638365 0.09086196 0.04694292
 0.07905174 0.68314339 0.05      ]"
1999-03-31,"[0.01627857 0.00281942 0.02386974 0.00703226 0.09370717 0.04200154
 0.07604533 0.68824597 0.05      ]","[0.01627857 0.00281942 0.02386974 0.00703226 0.09370717 0.04200154
 0.07604533 0.68824597 0.05      ]","[0.07000146 0.         0.         0.         0.05485571 0.02514283
 0.10922375 0.69077625 0.05      ]","[0.20828038 0.         0.         0.         0.02959969 0.02040031
 0.12546555 0.56625407 0.05      ]","[0.32130933 0.         0.         0.         0.0285593  0.0214407
 0.11547898 0.46321169 0.05      ]","[0.42225894 0.         0.         0.         0.02586457 0.02413543
 0.10584098 0.37190008 0.05      ]","[0.5176039  0.         0.         0.         0.0252425  0.0247575
 0.09575805 0.28663805 0.05      ]","[0.60952075 0.         0.         0.         0.02254199 0.02745801
 0.08621873 0.20426052 0.05      ]","[0.69990768 0.         0.         0.         0.02197873 0.02802127
 0.07343666 0.12665567 0.05      ]","[0.78813747 0.         0.         0.         0.01982463 0.03017537
 0.06482482 0.04703772 0.05      ]",[0.8  0.   0.   0.   0.   0.05 0.05 0.   0.1 ],[0.8  0.   0.   0.   0.   0.05 0.05 0.   0.1 ],[1 0 0 0 0 0 0 0 0],[1 0 0 0 0 0 0 0 0],"[0.1        0.         0.         0.         0.03413316 0.01586684
 0.11014372 0.68985628 0.05      ]","[0.01386229 0.005319   0.02438936 0.00642935 0.09131249 0.0453344
 0.07972191 0.6836312  0.05      ]"
1999-04-30,"[0.01598315 0.00415818 0.02465375 0.00520493 0.09613252 0.03629878
 0.07567326 0.69189544 0.05      ]","[0.01598315 0.00415818 0.02465375 0.00520493 0.09613252 0.03629878
 0.07567326 0.69189544 0.05      ]","[0.06929202 0.         0.         0.         0.05474099 0.02596699
 0.10958253 0.69041747 0.05      ]","[0.20657791 0.         0.         0.         0.02139807 0.02860193
 0.12689271 0.56652938 0.05      ]","[0.31918207 0.         0.         0.         0.01782071 0.03217929
 0.11714995 0.46366797 0.05      ]","[0.41988335 0.         0.         0.         0.01294993 0.03705007
 0.10590013 0.37421651 0.05      ]","[0.51466896 0.         0.         0.         0.00875012 0.04124988
 0.09635304 0.288978   0.05      ]","[0.60647232 0.         0.         0.         0.00647857 0.04352143
 0.0862476  0.20728008 0.05      ]","[0.69596849 0.         0.         0.         0.00096425 0.04903575
 0.07502029 0.12901122 0.05      ]","[0.78389702 0.         0.         0.         0.         0.05
 0.06784025 0.04826273 0.05      ]",[0.8  0.   0.   0.   0.   0.05 0.05 0.   0.1 ],[0.8  0.   0.   0.   0.   0.05 0.05 0.   0.1 ],[1 0 0 0 0 0 0 0 0],[1 0 0 0 0 0 0 0 0],"[0.1        0.         0.         0.         0.02941638 0.02058362
 0.11744564 0.68255436 0.05      ]","[0.01617614 0.00434987 0.02335198 0.00612201 0.09449296 0.03904728
 0.08008262 0.68637714 0.05      ]"
1999-05-31,"[0.0174375  0.00160168 0.02274614 0.00821468 0.09290285 0.03438913
 0.06880786 0.70390015 0.05      ]","[0.0174375  0.00160168 0.02274614 0.00821468 0.09290285 0.03438913
 0.06880786 0.70390015 0.05      ]","[0.07034333 0.         0.         0.         0.05354648 0.02611019
 0.10975834 0.69024166 0.05      ]","[0.20630997 0.         0.         0.         0.02123014 0.02876986
 0.13465095 0.55903908 0.05      ]","[0.31910683 0.         0.         0.         0.01595249 0.03404751
 0.12183731 0.45905586 0.05      ]","[0.41762195 0.         0.         0.         0.0114741  0.0385259
 0.12319859 0.35917947 0.05      ]","[0.512034   0.         0.         0.         0.00674161 0.04325839
 0.11546298 0.27250302 0.05      ]","[6.06133324e-01 0.00000000e+00 0.00000000e+00 0.00000000e+00
 5.71457450e-04 4.94285425e-02 8.93488426e-02 2.04517833e-01
 5.00000000e-02]","[0.6912819  0.         0.         0.         0.         0.05
 0.10701315 0.10170495 0.05      ]","[0.7791267  0.         0.         0.         0.         0.05
 0.10098089 0.01989241 0.05      ]",[0.8  0.   0.   0.   0.   0.05 0.05 0.   0.1 ],[0.8  0.   0.   0.   0.   0.05 0.05 0.   0.1 ],[1 0 0 0 0 0 0 0 0],[1 0 0 0 0 0 0 0 0],"[0.1        0.         0.         0.         0.02885796 0.02114204
 0.12371787 0.67628213 0.05      ]","[0.01795731 0.00228486 0.02325457 0.00650327 0.09442862 0.03676269
 0.08009599 0.6887127  0.05      ]"
1999-06-30,"[0.01389757 0.00805075 0.01807387 0.00997782 0.08540586 0.0309055
 0.06061648 0.72307216 0.05      ]","[0.01389757 0.00805075 0.01807387 0.00997782 0.08540586 0.0309055
 0.06061648 0.72307216 0.05      ]","[0.06613343 0.         0.         0.         0.05674774 0.02711882
 0.10975607 0.69024393 0.05      ]","[0.20257107 0.         0.         0.         0.02007841 0.02992159
 0.13852104 0.55890789 0.05      ]","[0.31496005 0.         0.         0.         0.01383228 0.03616772
 0.1275735  0.45746645 0.05      ]","[0.41297801 0.         0.         0.         0.00819743 0.04180257
 0.13028376 0.35673824 0.05      ]","[0.50643932 0.         0.         0.         0.00308095 0.04691905
 0.12710372 0.26645695 0.05      ]","[0.59655482 0.         0.         0.         0.         0.05
 0.12571495 0.17773022 0.05      ]","[0.68600863 0.         0.         0.         0.         0.05
 0.11858554 0.09540583 0.05      ]","[0.77365931 0.         0.         0.         0.         0.05
 0.11312477 0.01321592 0.05      ]",[0.8  0.   0.   0.   0.   0.05 0.05 0.   0.1 ],[0.8  0.   0.   0.   0.   0.05 0.05 0.   0.1 ],[1 0 0 0 0 0 0 0 0],[1 0 0 0 0 0 0 0 0],"[0.1        0.         0.         0.         0.02833499 0.02166501
 0.12363609 0.67636391 0.05      ]","[0.01807492 0.00386823 0.02051841 0.00753843 0.08957284 0.03377898
 0.07974485 0.69690333 0.05      ]"
1999-07-30,"[0.01649893 0.00803516 0.01829473 0.00717118 0.08626543 0.03043747
 0.05512275 0.72817435 0.05      ]","[0.01649893 0.00803516 0.01829473 0.00717118 0.08626543 0.03043747
 0.05512275 0.72817435 0.05      ]","[0.07119556 0.         0.         0.         0.0491574  0.02964705
 0.10971559 0.69028441 0.05      ]","[0.20122772 0.         0.         0.         0.00787639 0.04212361
 0.14018063 0.55859166 0.05      ]","[0.30924677 0.         0.         0.         0.         0.05
 0.14294898 0.44780425 0.05      ]","[0.40859322 0.         0.         0.         0.         0.05
 0.14001944 0.35138734 0.05      ]","[0.50209707 0.         0.         0.         0.         0.05
 0.13773719 0.26016575 0.05      ]","[0.59221438 0.         0.         0.         0.         0.05
 0.13595425 0.17183137 0.05      ]","[0.68092167 0.         0.         0.         0.         0.05
 0.13049992 0.08857841 0.05      ]","[0.7677758  0.         0.         0.         0.         0.05
 0.12722546 0.00499874 0.05      ]",[0.8  0.   0.   0.   0.   0.05 0.05 0.   0.1 ],[0.8  0.   0.   0.   0.   0.05 0.05 0.   0.1 ],[1 0 0 0 0 0 0 0 0],[1 0 0 0 0 0 0 0 0],"[0.1        0.         0.         0.         0.02103743 0.02896257
 0.12712654 0.67287346 0.05      ]","[0.01829439 0.00450552 0.01998227 0.00721782 0.08850612 0.03347402
 0.07248885 0.70553101 0.05      ]"
1999-08-31,"[0.01475559 0.00503443 0.02407611 0.00613386 0.08263432 0.02960867
 0.05408527 0.73367174 0.05      ]","[0.01475559 0.00503443 0.02407611 0.00613386 0.08263432 0.02960867
 0.05408527 0.73367174 0.05      ]","[0.07093313 0.         0.         0.         0.04515949 0.03390737
 0.1105222  0.6894778  0.05      ]","[0.19259599 0.         0.         0.         0.         0.05
 0.18049849 0.52690553 0.05      ]","[0.30121259 0.         0.         0.         0.         0.05
 0.19495047 0.40383694 0.05      ]","[0.39803801 0.         0.         0.         0.         0.05
 0.20780069 0.2941613  0.05      ]","[0.48923898 0.         0.         0.         0.         0.05
 0.21992673 0.19083429 0.05      ]","[0.57720633 0.         0.         0.         0.         0.05
 0.23162574 0.09116793 0.05      ]","[0.66503718 0.         0.         0.         0.         0.05
 0.23496282 0.         0.05      ]","[0.77589341 0.         0.         0.         0.         0.05
 0.12410659 0.         0.05      ]",[0.8  0.   0.   0.   0.   0.05 0.05 0.   0.1 ],[0.8  0.   0.   0.   0.   0.05 0.05 0.   0.1 ],[1 0 0 0 0 0 0 0 0],[1 0 0 0 0 0 0 0 0],"[0.1        0.         0.         0.         0.01390497 0.03609503
 0.14003535 0.65996465 0.05      ]","[0.01796387 0.00415644 0.02192281 0.00595688 0.08655744 0.03171763
 0.06932953 0.71239539 0.05      ]"
1999-09-30,"[0.01206016 0.00387404 0.02784676 0.00621904 0.08311849 0.02832766
 0.04733201 0.74122184 0.05      ]","[0.01206016 0.00387404 0.02784676 0.00621904 0.08311849 0.02832766
 0.04733201 0.74122184 0.05      ]","[0.0744373  0.         0.         0.         0.04074806 0.03481464
 0.10966    0.69034    0.05      ]","[0.19311477 0.         0.         0.         0.         0.05
 0.18017707 0.52670816 0.05      ]","[0.30080253 0.         0.         0.         0.         0.05
 0.19495058 0.40424688 0.05      ]","[0.39773976 0.         0.         0.         0.         0.05
 0.20588917 0.29637106 0.05      ]","[0.48825199 0.         0.         0.         0.         0.05
 0.22012216 0.19162586 0.05      ]","[0.57617861 0.         0.         0.         0.         0.05
 0.23165929 0.09216209 0.05      ]","[0.6640037  0.         0.         0.         0.         0.05
 0.23496525 0.00103105 0.05      ]","[0.77481963 0.         0.         0.         0.         0.05
 0.12518037 0.         0.05      ]",[0.8  0.   0.   0.   0.   0.05 0.05 0.   0.1 ],[0.8  0.   0.   0.   0.   0.05 0.05 0.   0.1 ],[1 0 0 0 0 0 0 0 0],[1 0 0 0 0 0 0 0 0],"[0.1        0.         0.         0.         0.01371286 0.03628714
 0.12071766 0.67928234 0.05      ]","[0.01721505 0.00246407 0.0250793  0.00524158 0.08640931 0.03121472
 0.06336174 0.71901423 0.05      ]"
1999-10-29,"[0.01079062 0.00320425 0.0267644  0.00924073 0.06852082 0.03147918
 0.05286762 0.74713238 0.05      ]","[0.01079062 0.00320425 0.0267644  0.00924073 0.06852082 0.03147918
 0.05286762 0.74713238 0.05      ]","[0.07378917 0.         0.         0.         0.04232001 0.03389082
 0.10992026 0.69007974 0.05      ]","[0.19253167 0.         0.         0.         0.         0.04992718
 0.18076318 0.52677414 0.05000383]","[0.29934185 0.         0.         0.         0.         0.05
 0.19629976 0.40435839 0.05      ]","[0.39553379 0.         0.         0.         0.         0.05
 0.20799986 0.29646636 0.05      ]","[0.4854493  0.         0.         0.         0.         0.05
 0.22257546 0.19197523 0.05      ]","[0.57291075 0.         0.         0.         0.         0.05
 0.23400292 0.09308633 0.05      ]","[0.65978656 0.         0.         0.         0.         0.05
 0.23931285 0.00090059 0.05      ]","[0.77041742 0.         0.         0.         0.         0.05
 0.12958258 0.         0.05      ]",[0.8  0.   0.   0.   0.   0.05 0.05 0.   0.1 ],[0.8  0.   0.   0.   0.   0.05 0.05 0.   0.1 ],[1 0 0 0 0 0 0 0 0],[1 0 0 0 0 0 0 0 0],"[0.1        0.         0.         0.         0.02099072 0.02900928
 0.12035774 0.67964226 0.05      ]","[0.01692858 0.00077874 0.0254126  0.00688008 0.07060746 0.03099598
 0.06226709 0.73612947 0.05      ]"
1999-11-30,"[0.01285903 0.00116034 0.02512617 0.01085445 0.07009686 0.02990314
 0.04275621 0.75724379 0.05      ]","[0.01285903 0.00116034 0.02512617 0.01085445 0.07009686 0.02990314
 0.04275621 0.75724379 0.05      ]","[0.07509035 0.         0.         0.         0.04325915 0.0316505
 0.11010082 0.68989918 0.05      ]","[0.19259204 0.         0.         0.         0.00331596 0.04668404
 0.18708929 0.52031867 0.05      ]","[0.29744837 0.         0.         0.         0.         0.05
 0.20806143 0.3944902  0.05      ]","[0.3918889  0.         0.         0.         0.         0.05
 0.22817512 0.27993598 0.05      ]","[0.48102693 0.         0.         0.         0.         0.05
 0.24715991 0.17181316 0.05      ]","[0.56710258 0.         0.         0.         0.         0.05
 0.2654952  0.06740223 0.05      ]","[0.66182241 0.         0.         0.         0.         0.05
 0.23817759 0.         0.05      ]","[0.77077063 0.         0.         0.         0.         0.05
 0.12922937 0.         0.05      ]",[0.8  0.   0.   0.   0.   0.05 0.05 0.   0.1 ],[0.8  0.   0.   0.   0.   0.05 0.05 0.   0.1 ],[1 0 0 0 0 0 0 0 0],[1 0 0 0 0 0 0 0 0],"[0.1        0.         0.         0.         0.02169606 0.02830394
 0.13362886 0.66637114 0.05      ]","[0.01656004 0.         0.02525888 0.00818108 0.07055946 0.03057083
 0.06188136 0.73698834 0.05      ]"
1999-12-31,"[0.01139202 0.00178911 0.02682168 0.00999719 0.07138757 0.02861243
 0.04186487 0.75813513 0.05      ]","[0.01139202 0.00178911 0.02682168 0.00999719 0.07138757 0.02861243
 0.04186487 0.75813513 0.05      ]","[0.074645   0.         0.         0.         0.04057418 0.03478082
 0.11097134 0.68902866 0.05      ]","[0.18680965 0.         0.         0.         0.         0.05
 0.20590084 0.50728951 0.05      ]","[0.29023519 0.         0.         0.         0.         0.05
 0.2364339  0.37333091 0.05      ]","[0.38282958 0.         0.         0.         0.         0.05
 0.26376033 0.25341009 0.05      ]","[0.47021686 0.         0.         0.         0.         0.05
 0.28953994 0.1402432  0.05      ]","[0.55458772 0.         0.         0.         0.         0.05
 0.31444935 0.03096293 0.05      ]","[0.66169994 0.         0.         0.         0.         0.05
 0.23830006 0.         0.05      ]","[0.77067316 0.         0.         0.         0.         0.05
 0.12932684 0.         0.05      ]",[0.8  0.   0.   0.   0.   0.05 0.05 0.   0.1 ],[0.8  0.   0.   0.   0.   0.05 0.05 0.   0.1 ],[1 0 0 0 0 0 0 0 0],[1 0 0 0 0 0 0 0 0],"[0.1        0.         0.         0.         0.01283612 0.03716388
 0.14769298 0.65230702 0.05      ]","[0.01628545 0.         0.02537624 0.00833831 0.07164186 0.03021565
 0.05740886 0.74073363 0.05      ]"
2000-01-31,"[0.00919095 0.00248434 0.02757336 0.01075135 0.0716866  0.02897734
 0.04134375 0.75799231 0.05      ]","[0.00919095 0.00248434 0.02757336 0.01075135 0.0716866  0.02897734
 0.04134375 0.75799231 0.05      ]","[0.07401048 0.         0.         0.         0.04147617 0.03451335
 0.11359665 0.68640335 0.05      ]","[0.18444754 0.         0.         0.         0.         0.05
 0.21130006 0.5042524  0.05      ]","[0.28666964 0.         0.         0.         0.         0.05
 0.24364667 0.36968369 0.05      ]","[0.37811002 0.         0.         0.         0.         0.05
 0.27257788 0.2493121  0.05      ]","[0.46396226 0.         0.         0.         0.         0.05
 0.3013956  0.13464215 0.05      ]","[0.54670862 0.         0.         0.         0.         0.05
 0.32969741 0.02359397 0.05      ]","[0.65601782 0.         0.         0.         0.         0.05
 0.24398218 0.         0.05      ]","[0.76466001 0.         0.         0.         0.         0.05
 0.13533999 0.         0.05      ]",[0.8  0.   0.   0.   0.   0.05 0.05 0.   0.1 ],[0.8  0.   0.   0.   0.   0.05 0.05 0.   0.1 ],[1 0 0 0 0 0 0 0 0],[1 0 0 0 0 0 0 0 0],"[0.1        0.         0.         0.         0.01556859 0.03443141
 0.15406871 0.64593129 0.05      ]","[0.01644599 0.         0.02488302 0.00867098 0.07197454 0.03055842
 0.05656061 0.74090643 0.05      ]"
2000-02-29,"[0.00931444 0.0062282  0.02674539 0.00771198 0.06658142 0.03341858
 0.04467853 0.75532147 0.05      ]","[0.00931444 0.0062282  0.02674539 0.00771198 0.06658142 0.03341858
 0.04467853 0.75532147 0.05      ]","[0.07943063 0.         0.         0.         0.02651873 0.04405064
 0.12283432 0.67716568 0.05      ]","[0.19090522 0.         0.         0.         0.         0.05
 0.22540522 0.48368956 0.05      ]","[0.29042349 0.         0.         0.         0.         0.05
 0.26523705 0.34433946 0.05      ]","[0.38137119 0.         0.         0.         0.         0.05
 0.2955747  0.22305411 0.05      ]","[0.47779475 0.         0.         0.         0.         0.05
 0.28566897 0.13653628 0.05      ]","[0.55131808 0.         0.         0.         0.         0.05
 0.34868192 0.         0.05      ]","[0.66869719 0.         0.         0.         0.         0.05
 0.23130281 0.         0.05      ]","[0.77672911 0.         0.         0.         0.         0.05
 0.12327089 0.         0.05      ]",[0.8  0.   0.   0.   0.   0.05 0.05 0.   0.1 ],[0.8  0.   0.   0.   0.   0.05 0.05 0.   0.1 ],[1 0 0 0 0 0 0 0 0],[1 0 0 0 0 0 0 0 0],"[0.1        0.         0.         0.         0.00064216 0.04935784
 0.16211465 0.63788535 0.05      ]","[0.01658408 0.0012177  0.02409173 0.0081065  0.07011725 0.03275553
 0.05654087 0.74058635 0.05      ]"
2000-03-31,"[0.01487175 0.         0.02842612 0.00670213 0.06644029 0.03355971
 0.0568528  0.7431472  0.05      ]","[0.01487175 0.         0.02842612 0.00670213 0.06644029 0.03355971
 0.0568528  0.7431472  0.05      ]","[0.07836028 0.         0.         0.         0.02597238 0.04566734
 0.13526707 0.66473293 0.05      ]","[0.18469412 0.         0.         0.         0.         0.05
 0.25129567 0.46401021 0.05      ]","[0.28210586 0.         0.         0.         0.         0.05
 0.29632995 0.3215642  0.05      ]","[0.36963323 0.         0.         0.         0.         0.05
 0.33679437 0.1935724  0.05      ]","[0.45236696 0.         0.         0.         0.         0.05
 0.37504712 0.07258592 0.05      ]","[0.5502768 0.        0.        0.        0.        0.05      0.3497232
 0.        0.05     ]","[0.66659114 0.         0.         0.         0.         0.05
 0.23340886 0.         0.05      ]","[0.77389325 0.         0.         0.         0.         0.05
 0.12610675 0.         0.05      ]",[0.8  0.   0.   0.   0.   0.05 0.05 0.   0.1 ],[0.8  0.   0.   0.   0.   0.05 0.05 0.   0.1 ],[1 0 0 0 0 0 0 0 0],[1 0 0 0 0 0 0 0 0],"[0.1        0.         0.         0.         0.         0.05
 0.17198664 0.62801336 0.05      ]","[0.0165217  0.         0.0258164  0.00766191 0.06917778 0.03335877
 0.05601469 0.74144876 0.05      ]"
2000-04-28,"[0.00539536 0.         0.03327346 0.01133118 0.07288324 0.03114971
 0.04716029 0.74880676 0.05      ]","[0.00539536 0.         0.03327346 0.01133118 0.07288324 0.03114971
 0.04716029 0.74880676 0.05      ]","[0.07842679 0.         0.0015404  0.         0.02807395 0.04195886
 0.13171579 0.66828421 0.05      ]","[0.18899166 0.         0.         0.         0.         0.05
 0.23060187 0.48040647 0.05      ]","[0.2870903  0.         0.         0.         0.         0.05
 0.26956134 0.34334836 0.05      ]","[0.37522581 0.         0.         0.         0.         0.05
 0.30455035 0.22022384 0.05      ]","[0.45852112 0.         0.         0.         0.         0.05
 0.33766139 0.10381749 0.05      ]","[0.54438327 0.         0.         0.         0.         0.05
 0.34915671 0.00646002 0.05      ]","[0.65441973 0.         0.         0.         0.         0.05
 0.24558027 0.         0.05      ]","[0.75791749 0.         0.         0.         0.         0.05
 0.14208251 0.         0.05      ]",[0.8  0.   0.   0.   0.   0.05 0.05 0.   0.1 ],[0.8  0.   0.   0.   0.   0.05 0.05 0.   0.1 ],[1 0 0 0 0 0 0 0 0],[1 0 0 0 0 0 0 0 0],"[0.1        0.         0.         0.         0.00727457 0.04272543
 0.14829627 0.65170373 0.05      ]","[0.00857255 0.         0.03167415 0.0097533  0.07039461 0.03279371
 0.05522081 0.74159088 0.05      ]"
2000-05-31,"[0.00950891 0.         0.03308841 0.00740268 0.07207528 0.03228332
 0.0495667  0.74607471 0.05      ]","[0.00950891 0.         0.03308841 0.00740268 0.07207528 0.03228332
 0.0495667  0.74607471 0.05      ]","[0.08280398 0.         0.         0.         0.02496671 0.04222932
 0.1309792  0.6690208  0.05      ]","[0.19212997 0.         0.         0.         0.         0.05
 0.2273318  0.48053823 0.05      ]","[0.28968221 0.         0.         0.         0.         0.05
 0.26528884 0.34502895 0.05      ]","[0.37754942 0.         0.         0.         0.         0.05
 0.29948706 0.22296352 0.05      ]","[0.45939986 0.         0.         0.         0.         0.05
 0.33672773 0.10387241 0.05      ]","[0.54484089 0.         0.         0.         0.         0.05
 0.34874939 0.00640972 0.05      ]","[0.65463793 0.         0.         0.         0.         0.05
 0.24536207 0.         0.05      ]","[0.75794599 0.         0.         0.         0.         0.05
 0.14205401 0.         0.05      ]",[0.8  0.   0.   0.   0.   0.05 0.05 0.   0.1 ],[0.8  0.   0.   0.   0.   0.05 0.05 0.   0.1 ],[1 0 0 0 0 0 0 0 0],[1 0 0 0 0 0 0 0 0],"[0.1        0.         0.         0.         0.00578338 0.04421662
 0.14360479 0.65639521 0.05      ]","[0.00942739 0.         0.03216173 0.00841088 0.07053057 0.03296838
 0.05485408 0.74164696 0.05      ]"
2000-06-30,"[0.00685572 0.         0.03570013 0.00744416 0.06893511 0.03106489
 0.04328782 0.75671218 0.05      ]","[0.00685572 0.         0.03570013 0.00744416 0.06893511 0.03106489
 0.04328782 0.75671218 0.05      ]","[0.08904361 0.         0.         0.         0.01326645 0.04768995
 0.13093017 0.66906983 0.05      ]","[0.20068026 0.         0.         0.         0.         0.05
 0.22428994 0.47502979 0.05      ]","[0.29864802 0.         0.         0.         0.         0.05
 0.26065439 0.34069759 0.05      ]","[0.38622038 0.         0.         0.         0.         0.05
 0.29692463 0.21685499 0.05      ]","[0.47014076 0.         0.         0.         0.         0.05
 0.32785581 0.10200342 0.05      ]","[0.55473073 0.         0.         0.         0.         0.05
 0.34526927 0.         0.05      ]","[0.66860036 0.         0.         0.         0.         0.05
 0.23139964 0.         0.05      ]","[0.77357938 0.         0.         0.         0.         0.05
 0.12642062 0.         0.05      ]",[0.8  0.   0.   0.   0.   0.05 0.05 0.   0.1 ],[0.8  0.   0.   0.   0.   0.05 0.05 0.   0.1 ],[1 0 0 0 0 0 0 0 0],[1 0 0 0 0 0 0 0 0],"[0.1        0.         0.         0.         0.         0.05
 0.13886647 0.66113353 0.05      ]","[0.00986594 0.         0.03352615 0.00660792 0.07032016 0.03295757
 0.05325615 0.74346612 0.05      ]"
2000-07-31,"[0.00858065 0.         0.03419192 0.00722743 0.06852858 0.03147142
 0.04500144 0.75499856 0.05      ]","[0.00858065 0.         0.03419192 0.00722743 0.06852858 0.03147142
 0.04500144 0.75499856 0.05      ]","[0.08539296 0.         0.         0.         0.01670291 0.04790413
 0.12644053 0.67355947 0.05      ]","[0.19987131 0.         0.         0.         0.         0.05
 0.21728887 0.48283982 0.05      ]","[0.29811536 0.         0.         0.         0.         0.05
